option = {
    title: {
        text: 'Stacked Line'
    },
    tooltip: {
        trigger: 'axis'
    },
    legend: {
        data: ['total_loss']
    },
    grid: {
        left: '3%',
        right: '4%',
        bottom: '3%',
        containLabel: true
    },
    toolbox: {
        feature: {
            saveAsImage: {}
        }
    },
    xAxis: {
        type: 'category',
        boundaryGap: false,
        data:
            [0, 1, 2, 3, 4, 5, 6, 7, 8, 9, 10, 11, 12, 13, 14, 15, 16, 17, 18, 19, 20, 21, 22, 23, 24, 25, 26, 27, 28, 29, 30, 31, 32, 33, 34, 35, 36, 37, 38, 39, 40, 41, 42, 43, 44, 45, 46, 47, 48, 49, 50, 51, 52, 53, 54, 55, 56, 57, 58, 59, 60, 61, 62, 63, 64, 65, 66, 67, 68, 69, 70, 71, 72, 73, 74, 75, 76, 77, 78, 79, 80, 81, 82, 83, 84, 85, 86, 87, 88, 89, 90, 91, 92, 93, 94, 95, 96, 97, 98, 99]
    },
    yAxis: {
        type: 'value'
    },
    series: [
        {
            name: 'total_loss',
            type: 'line',
            stack: 'Total',
            data:
                [98.2722, 97.9002, 97.705, 97.0774, 96.6632, 95.96, 95.4366, 95.0944, 94.418, 93.6832, 93.0176, 92.5144, 92.4012, 91.805, 91.366, 90.4822, 89.9672, 89.506, 88.8856, 88.188, 87.3942, 87.0978, 86.7462, 86.5074, 85.988, 85.1916, 84.542, 84.0954, 83.674, 83.4348, 82.9334, 82.817, 82.7692, 82.403, 81.78, 81.1988, 80.8942, 80.6342, 80.686, 80.5626, 80.1388, 79.8284, 79.5504, 79.5292, 79.2644, 79.0884, 78.4622, 78.4406, 78.6724, 78.4216, 78.1016]
        },
    ]
};
